1950 -9 23 18 -13 18 27 15 13 -4 -16 -2 -21
1951 23 14 -16 1 -3 0 5 13 12 -12 21 17
1952 7 -7 -13 33 -4 -1 20 22 -34 -23 -23 -14
1953 -2 -1 24 23 9 10 10 3 6 19 6 18
1954 -36 -43 14 -22 -2 11 -31 -2 0 7 -6 22
1955 -16 -22 -25 -7 -16 -5 -3 0 1 -10 -3 15
1956 4 -100 -23 -21 8 -25 1 -22 8 -6 -23 9
1957 6 36 32 3 -22 26 12 -18 -18 2 5 1
1958 3 20 -41 -26 21 -10 3 4 11 0 7 18
1959 12 8 34 24 3 8 22 6 8 3 -1 18
1960 1 -4 1 1 10 12 -14 -3 -6 -2 19 7
1961 -2 37 33 44 -22 9 -20 -5 43 18 3 -13
1962 18 -6 -36 11 -26 -11 -18 2 -4 8 -9 -38
1963 -65 -51 -6 16 2 5 12 -3 9 -5 37 -41
1964 -15 -11 -34 13 17 29 19 -6 4 -18 8 -8
1965 17 -26 -20 -8 -13 3 -18 -11 -6 0 -23 21
1966 -22 49 -4 24 12 19 -15 -12 -2 25 -17 7
1967 6 20 14 -11 6 -6 24 2 3 24 3 -7
1968 -8 4 9 17 -13 8 -6 -5 -4 12 -8 -28
1969 3 -27 -27 -7 17 -6 19 -4 6 22 14 -53
1970 -22 -14 -26 -23 -16 19 -9 3 1 -5 20 -4
1971 6 6 -25 18 18 -19 18 20 -16 2 -7 28
1972 -20 12 26 -9 -11 -1 12 -7 -26 -23 1 -2
1973 9 4 6 -28 5 6 1 19 17 -20 -9 -12
1974 34 25 30 5 -19 -16 -21 9 -4 -45 4 36
1975 46 18 6 -9 3 -10 13 20 28 -8 -16 2
1976 16 1 -26 -7 10 20 25 -5 -8 1 7 -19
1977 8 24 30 -22 -3 3 -7 -5 -23 11 8 4
1978 8 -18 6 -5 -8 -11 -14 -21 -20 -3 -4 4
1979 -33 -11 2 -14 7 20 -21 -8 -7 -13 -8 35
1980 -20 23 -3 -23 -21 -10 -25 -2 2 -17 -11 -4
1981 -12 -7 35 4 7 3 -11 -2 9 -11 4 -27
1982 -15 -5 11 -13 4 9 19 6 32 6 19 19
1983 43 -21 7 16 -6 11 36 13 0 -2 -5 -2
1984 11 -8 -14 -8 -16 -20 -13 2 -17 12 8 4
1985 -40 -36 -6 2 15 -23 5 -3 1 -1 -29 33
1986 9 -64 -3 -7 27 1 -1 -1 -21 4 19 9
1987 -51 -4 -50 18 -24 -16 -1 -19 14 -3 7 14
1988 35 13 -16 11 21 -6 1 5 -6 6 -16 21
1989 27 26 37 -1 13 -5 4 -1 11 11 -15 22
1990 22 50 32 -6 18 -1 -5 22 -25 5 3 -8
1991 27 -26 28 -8 -35 -20 22 9 12 -12 -3 -4
1992 18 24 7 -1 19 12 13 29 -3 -26 12 -2
1993 31 -7 -3 34 27 0 -9 -3 -12 -13 -35 25
1994 37 -2 28 2 6 5 44 9 -3 -13 30 27
1995 2 39 -6 12 2 -17 37 14 -13 26 -24 -22
1996 -23 -24 -32 8 -11 4 -18 3 -32 4 7 -35
1997 -12 32 24 -17 9 4 -3 28 5 -19 3 13
1998 28 41 11 23 18 16 -6 6 -5 -8 -22 0
1999 25 -7 18 12 16 -5 18 3 35 -7 -9 10
2000 9 31 12 34 32 22 -19 17 3 16 22 17
