 1911   -4    6    4   -4   -1   -4   22   26   10   -7    6   15
 1912  -28   13   20  -16  -10    0    3  -27  -47  -29  -26   17
 1913   -5    1   24   -1   -7  -13  -32  -22   -8   -5   21   17
 1914  -32   -3    9   14  -14  -13   -3    3  -12   -5    0   13
 1915   16    2  -24   -8    5   21   -7  -21  -22  -20  -27   31
 1916   51    1   23    3    9  -28  -12  -12  -13   -4    8   29
 1917  -19  -53  -38  -39   19   31    6    4   15   -8    7  -25
 1918   18    8    6   23   10  -24   -8   -6    9   -4  -12   29
 1919   24  -11   -3  -24  -28  -12  -26   -3   24  -23  -34   -1
 1920   34   18   21   26   14  -13    7  -10    1  -29  -37    5
 1921   57    9   15   -5   19  -15   16   15   -1   15  -32   -9
 1922  -15  -32    1  -18    7    3  -12  -14  -21  -34  -17    9
 1923   20    1   14  -15    1  -47   10   -4    3   18   -4  -23
 1924  -21  -36  -18  -15   15   -9   -4  -19    9    6  -15   -7
 1925   33   35  -24    3   14  -15   -4   -5  -20   -6  -11  -15
 1926    2   36    0   20  -14  -24   -2  -10   13   -5   34   -1
 1927   31   -4   20   -7  -17   -6    4    0    7   -7   -9  -37
 1928   28   14  -16   -3  -26  -15   24   -1   -5   -6   27  -11
 1929  -46 -117  -27  -37    5  -14    4    3   18   13   11   27
 1930   17   -9   11    7   -9   29   -4  -10    1   -5   20   -4
 1931    7  -12  -37  -28   31   12    4  -13  -36  -20   -4  -10
 1932   23  -33  -40   -2    7  -19   10   14   24    2    2  -12
 1933  -24   -3    5  -21  -11  -19    8    2   -2    1  -11  -49
 1934   11    4   13   25   13   10   14    1   18    4    5   50
 1935   -2   10  -22   -6  -22   22    5    6    6    2   13   -2
 1936   38    3   14   -6    2    3    3  -10   -5  -29   -8    3
 1937  -15   14    5   -3   28   14    0    4    2    9   -4   -6
 1938   19    8   37  -33  -13    6    0   11   -1    7   24  -20
 1939   28   14  -25   17  -23    1    1   12   -1  -23   11  -27
 1940  -85  -64  -19    1  -14    7   -9  -25   -4   -9   12  -52
 1941  -44   -6   -5  -24  -34    1    7  -11  -17  -11  -26    3
 1942  -84  -54  -31  -11    2  -13   -8   13   31   21  -10    4
 1943  -12   27   17   10   -7  -15    5   18    9   13   -8  -12
 1944   44  -20  -32   -2  -15  -13    1   27   -2    5    1  -19
 1945  -38   33   21    7   10    8    8   -3   -2    5    1    3
 1946  -16   21   10   21   25   -1   16    0    8  -32   -7  -39
 1947  -49  -67   -8   19   17   16   15   11   40  -19   15    7
 1948   43   -6   13   27   14   -3  -14   -1    8   -3    0  -14
 1949   12    9  -20   22    5  -19    0    2   19   11    4   27
 1950  -12   15   15   -1   19   24   14   12    0  -15    2  -20
