 1911    5    9   10    4    6    3   26   29   18    4   14   22    13
 1912  -22   19   27  -11   -5    9    9  -17  -42  -23  -22   24    -4
 1913    1    6   30    6    2   -6  -26  -14   -7    7   27   22     4
 1914  -21    9   18   22   -6   -7    4    8   -7    0    5   22     4
 1915   27    9  -20    1   22   30    2  -14  -14  -11  -23   39     4
 1916   57    8   32   12   19  -17    1   -1   -6    3   17   38    14
 1917   -6  -51  -29  -38   32   33   16   15   22    2   13  -21    -1
 1918   26   14   12   33   20  -17   -5   -1   15    8   -6   30    11
 1919   34   -3    1  -18  -26  -11  -23   -2   27  -16  -31    6    -5
 1920   40   17   29   32   20   -9   12   -2    7  -24  -35   12     8
 1921   65   13   29    0   25  -12   22   20    4   27  -28   -5    14
 1922   -9  -29   11   -9   17   10    3   -1  -19  -30  -16   15    -4
 1923   28    2   21   -4   12  -37   20    8   10   27    2  -15     6
 1924  -12  -30   -6   -8   23    0    4  -10   18   12   -8    1    -1
 1925   40   47  -17   10   24   -9    5    5  -11    3   -5   -6     7
 1926   10   43    7   32   -4  -17    6  -14    9   -2   41   -5     9
 1927   33   -2   15  -10  -21    1    3   -1    4  -11  -12  -41    -3
 1928   29   10  -18   -6  -32  -18   11   -6  -16   -4   26  -10    -3
 1929  -58 -142  -40  -39    2  -15   -2    3    8   18   14   23   -19
 1930   22   -8    7    5  -13   19   -4  -11    0    2   20   -6     3
 1931   11  -14  -39  -30   28    4   -4  -16  -37  -23   -7  -12   -11
 1932   19  -41  -44   -6    1  -24    4    5   18    2    0  -13    -6
 1933  -30   -9   -3  -28  -18  -26   -2   -5  -12   -1  -13  -53   -16
 1934   11    3   11   24    6    5    6   -2   11    8    7   52    12
 1935   -1    8  -32   -5  -28   15   -3   -2    6    7   12    2    -1
 1936   44    2   11  -10   -4  -12    3  -16   -9  -31   -7    5    -2
 1937  -16   13    5   -6   21    6   -7    1   -1   10   -4   -8     1
 1938   19    6   29  -38  -20    1   -6   10   -3    8   23  -18     1
 1939   32   14  -27   17  -25   -3   -4    8   -9  -22    9  -22    -2
 1940  -88  -65  -23   -3  -17    3  -12  -29   -7  -13   11  -59   -25
 1941  -47   -7   -6  -29  -40   -6    2  -13  -29  -13  -27    1   -18
 1942  -91  -58  -38  -17   -4  -18  -14    0   24   20  -10    5   -16
 1943  -10   23    8    5  -19  -19   -9   16    2    3  -10  -13    -2
 1944   46  -26  -34   -6  -21  -15   -1   19  -14    3   -2  -18    -6
 1945  -42   33   16    3    4    3    7   -2   -3    6    0    8     3
 1946  -16   21    5   11   21   -1    9   -1    0  -36   -6  -41    -3
 1947  -51  -72   -6   18   11   11   14    3   35  -35   16   10    -4
 1948   49  -10    7   24   10   -8  -16   -2    6   -5   -4  -18     3
 1949   14    5  -25   14    0  -22   -6   -4   10    7    5   27     2
 1950  -15   14    8    0   17   15   13   10    3  -20    2  -19     3
