1968 -14 9 10 16 -16 11 -9 -6 0 -1 13 -17
1969 -5 -14 -31 -4 18 -3 17 -6 8 17 15 -48
1970 -10 -19 -24 -16 -17 12 2 0 -7 -7 18 3
1971 -5 10 -26 9 19 -16 15 24 -18 -11 -10 33
1972 -3 29 28 -10 -7 4 19 -5 -22 -21 1 6
1973 12 6 12 -26 0 5 2 14 15 -17 -16 -4
1974 37 40 38 2 -12 -22 -20 13 1 -40 2 36
1975 47 -2 11 -6 5 -3 13 18 36 -19 -12 7
1976 15 4 -29 -2 1 9 19 -8 -9 15 16 -11
1977 11 19 33 -21 -1 7 -9 -8 -21 10 8 -1
1978 21 -15 12 -7 -12 -11 -15 -23 -22 1 -7 6
1979 -27 -2 6 -12 11 27 -28 -8 -3 -9 -3 34
1980 -20 18 -9 -19 -26 -11 -25 -5 -4 -15 -15 -7
1981 -17 -3 32 -4 9 7 -8 -2 6 -5 0 -21
1982 -26 -9 12 -21 7 9 22 8 31 11 13 18
1983 47 -20 9 16 1 10 38 20 1 -1 -18 -2
1984 17 0 -8 -6 -7 -18 -21 5 -13 9 15 -1
1985 -49 -45 -7 -5 15 -28 4 3 -8 -4 -24 31
1986 7 -53 2 15 22 4 -6 -4 -19 5 13 2
1987 -54 -4 -46 8 -19 -15 3 -24 10 7 12 13
1988 42 20 -19 10 22 0 8 1 -4 6 -37 15
1989 23 31 29 9 8 -7 9 3 16 9 -17 7
1990 27 47 41 -5 11 -1 1 17 -25 9 10 3
1991 30 -27 25 -6 -37 -15 23 5 15 -5 0 -10
1992 26 22 7 1 15 25 24 41 6 -21 3 1
1993 28 -20 -9 24 35 -4 -13 0 -5 -3 -23 25
1994 45 1 23 7 1 9 58 15 5 -22 19 16
1995 7 41 -6 7 2 -7 39 15 -6 21 -23 -14
1996 -15 -34 -31 10 2 9 -12 8 -31 11 19 -36
1997 -16 21 11 -26 10 12 -1 29 4 -21 6 18
1998 32 39 3 24 12 15 1 1 -1 -4 -24 -7
1999 22 -10 20 15 15 -1 25 7 41 0 -9 7
2000 3 29 9 43 30 16 -19 24 0 30 30 18
