1969 0 -25 -35 -12 17 -4 14 -5 2 3 17 -64
1970 -19 -14 -26 -19 -15 10 -4 -2 -7 2 15 2
1971 -24 13 -27 8 12 -19 9 17 -19 -5 -1 34
1972 -16 9 14 -6 -8 -4 11 -7 -24 -26 7 -14
1973 7 17 7 -24 3 3 2 12 16 -17 -11 -6
1974 34 29 22 3 -10 -15 -16 13 -2 -28 -2 45
1975 50 0 1 -7 -1 -6 12 25 26 -13 -13 13
1976 26 0 -28 -4 8 16 22 -7 -9 9 15 -16
1977 4 18 23 -18 -4 6 -4 -7 -17 4 17 2
1978 20 -25 11 -4 -10 -12 -15 -16 -8 2 1 7
1979 -32 -12 5 -10 6 22 -21 -7 -3 -21 2 34
1980 -29 19 -8 -21 -19 -7 -22 -2 -4 -7 -7 4
1981 -10 2 35 -5 4 5 -6 -3 1 -1 11 -30
1982 -30 -10 13 -14 7 11 18 9 25 10 7 19
1983 56 -20 11 14 0 8 35 8 1 6 -12 -5
1984 19 -5 -15 -7 -9 -15 -15 1 -8 12 6 1
1985 -46 -35 -8 1 16 -18 5 4 5 -3 -28 31
1986 12 -62 -6 3 24 3 -2 -3 -15 0 10 10
1987 -45 -14 -47 13 -19 -13 2 -14 10 1 12 15
1988 34 19 -12 6 18 -6 4 4 2 4 -20 27
1989 30 31 33 2 14 -6 6 2 14 12 -18 13
1990 27 48 36 -3 16 2 -5 19 -14 0 11 -1
1991 26 -35 19 -7 -28 -15 22 9 10 -11 -5 -5
1992 32 30 4 3 20 17 14 31 -3 -18 6 -7
1993 28 -23 -1 25 28 -1 -9 -2 -11 -11 -33 30
1994 46 -8 29 3 2 8 38 10 3 -19 30 20
1995 10 46 -5 11 1 -14 29 12 -8 14 -21 -25
1996 -22 -32 -32 7 -4 0 -17 0 -28 8 13 -45
1997 -26 35 16 -20 10 2 0 22 4 -17 -8 15
1998 25 48 10 22 19 18 1 7 -2 7 -21 -1
1999 32 6 18 13 14 -3 21 4 37 6 -9 15
2000 18 41 14 32 27 22 -14 19 3 21 17 14
